# sIVIM 3b
 1.0000  0.0000  0.0000 0.0
 0.0000  1.0000  0.0000 200.0
 0.0000  0.0000  1.0000 800.0
-1.0000  0.0000  0.0000 200.0
 0.0000 -1.0000  0.0000 0.0
 0.0000  0.0000 -1.0000 200.0
 0.0000  1.0000  0.0000 0.0
 0.0000  0.0000  1.0000 200.0
 1.0000  0.0000  0.0000 800.0
 0.0000 -1.0000  0.0000 200.0
 0.0000  0.0000 -1.0000 0.0
-1.0000  0.0020  0.0000 200.0
 0.0000  0.0000  1.0000 0.0
 1.0000  0.0000  0.0000 200.0
 0.0000  1.0000  0.0000 800.0
 0.0020  0.0000 -1.0000 200.0
-1.0000  0.0000  0.0000 0.0
 0.0000 -1.0000  0.0020 200.0
-1.0000  0.0020  0.0000 0.0
 0.0000 -1.0000  0.0040 200.0
 0.0000  0.0000 -1.0000 800.0
 1.0000  0.0020  0.0000 200.0
 0.0000  1.0000  0.0020 0.0
 0.0020  0.0000  1.0000 200.0
 0.0000 -1.0000  0.0020 0.0
 0.0040  0.0000 -1.0000 200.0
-1.0000  0.0000  0.0000 800.0
 0.0000  1.0000  0.0020 200.0
 0.0020  0.0000  1.0000 0.0
 1.0000  0.0040  0.0000 200.0
 0.0020  0.0000 -1.0000 0.0
-1.0000  0.0040  0.0000 200.0
 0.0000 -1.0000  0.0000 800.0
 0.0040  0.0000  1.0000 200.0
 1.0000  0.0020  0.0000 0.0
 0.0000  1.0000  0.0040 200.0
