# IVIM 10b
 1.0000  0.0000  0.0000 0.0
 0.0000  1.0000  0.0000 800.0
 0.0000  0.0000  1.0000 5.0
-1.0000  0.0000  0.0000 500.0
 0.0000 -1.0000  0.0000 10.0
 0.0000  0.0000 -1.0000 200.0
 1.0000  0.0000  0.0000 20.0
 0.0000  1.0000  0.0000 100.0
 0.0000  0.0000  1.0000 30.0
-1.0000  0.0000  0.0000 50.0
 0.0000 -1.0000  0.0000 0.0
 0.0000  0.0000 -1.0000 800.0
 1.0000  0.0000  0.0000 5.0
 0.0000  1.0000  0.0000 500.0
 0.0000  0.0000  1.0000 10.0
-1.0000  0.0000  0.0000 200.0
 0.0000 -1.0000  0.0000 20.0
 0.0000  0.0000 -1.0000 100.0
 1.0000  0.0000  0.0000 30.0
 0.0000  1.0000  0.0000 50.0
 0.0000  0.0000  1.0000 0.0
-1.0000  0.0000  0.0000 800.0
 0.0000 -1.0000  0.0000 5.0
 0.0000  0.0000 -1.0000 500.0
 1.0000  0.0000  0.0000 10.0
 0.0000  1.0000  0.0000 200.0
 0.0000  0.0000  1.0000 20.0
-1.0000  0.0000  0.0000 100.0
 0.0000 -1.0000  0.0000 30.0
 0.0000  0.0000 -1.0000 50.0
-1.0000  0.0000  0.0000 0.0
 0.0000 -1.0000  0.0000 800.0
 0.0000  0.0000 -1.0000 5.0
 1.0000  0.0000  0.0000 500.0
 0.0000  1.0000  0.0000 10.0
 0.0000  0.0000  1.0000 200.0
-1.0000  0.0000  0.0000 20.0
 0.0000 -1.0000  0.0000 100.0
 0.0000  0.0000 -1.0000 30.0
 1.0000  0.0000  0.0000 50.0
 0.0000  1.0000  0.0000 0.0
 0.0000  0.0000  1.0000 800.0
-1.0000  0.0000  0.0000 5.0
 0.0000 -1.0000  0.0000 500.0
 0.0000  0.0000 -1.0000 10.0
 1.0000  0.0000  0.0000 200.0
 0.0000  1.0000  0.0000 20.0
 0.0000  0.0000  1.0000 100.0
-1.0000  0.0000  0.0000 30.0
 0.0000 -1.0000  0.0000 50.0
 0.0000  0.0000 -1.0000 0.0
 1.0000  0.0000  0.0000 800.0
 0.0000  1.0000  0.0000 5.0
 0.0000  0.0000  1.0000 500.0
-1.0000  0.0000  0.0000 10.0
 0.0000 -1.0000  0.0000 200.0
 0.0000  0.0000 -1.0000 20.0
 1.0000  0.0000  0.0000 100.0
 0.0000  1.0000  0.0000 30.0
 0.0000  0.0000  1.0000 50.0
